45498
2762611
1644130
221341
651143
1303590
150055
214
1532905
726
1457141
82995
2698672
60520
98228
1536775
56
444612
178899
158
2014541
2026
2487742
2739062
945844
2690837
2742128
119
345632
1074311
1302659
365617
1768
398694
680279
954
267363
1608628
154288
2042961
159743
1173026
2734052
2734053
250
2151
92942
158822
2703789
88688
332410
92245
755731
2594795
2762748
1273132
2763056
2267275
75658
2066024
2528017
2739063
927
2350
339
435
1085644
33941
106
1686
1870819
1137606
2763498
208973
2764325
441209
2268026
399
42422
59932
336261
323450
145458
646637
2054
2785918
1492898
45056
2651334
251701
55518
1736674
568768
2785331
1731
2742131
2799564
2487072
413888
1179664
29542
566
2497879
983544
2419772
985762
143361
38313
321985
1324350
999
2714934
52766
185642
2490635
1331258
1126833
66219
29554
53346
1964449
108007
2675780
1712261
388408
2104
39791
347
146017
2564040
141
1817405
1413
2597701
1980486
201
2751
33038
2487118
2213226
386487
391036
1752064
839
1858656
116090
2054902
985
2768834
29360
2099583
2686358
558541
2027857
328515
1437360
985782
2745199
1550240
490
626937
70258
669
2218628
45610
1316444
2014542
374106
1830
1535768
257758
2709784
1982295
553814
2596916
1019
253245
1936990
1352
1646377
142864
1945512
1982304
1925021
873191
158899
33047
34105
2183582
2732163
2665646
1602
1715989
2546356
38305
1898684
228229
405212
717609
1504
1636250
1795630
761702
28251
702967
739
82996
38293
1913577
376489
1891186
1124835
92645
2708110
79880
1276
1889
2602016
367477
453816
64897
348824
118323
314275
2678688
96230
2020
1763538
1898474
2607911
2109558
2527995
556499
1436290
2730848
161360
1874317
83554
259537
827
981385
348043
300181
395598
185008
2560631
1385715
28198
1260
459472
820
756828
2486273
946435
929813
795665
651
2582830
1290
238834
29498
216938
47770
878220
333966
55601
1513
1911587
156976
94122
2761123
1855352
754397
1312072
61651
240521
1355330
1647476
2502791
421767
2584943
114090
97477
79329
1473598
747
2003316
171282
1644131
1605721
1813451
470
208224
2608981
2528020
2731755
1879049
54006
1376
373996
2724468
2102
29495
1331910
1660073
227942
157692
28227
2587862
2711231
1603886
129338
2575699
135727
29575
1584
120
391613
39640
1763534
37329
1851514
397260
43661
2725560
544718
1635327
51669
1229
116092
47857
1505596
171437
2009329
1230341
1401
2601894
712310
2352
45658
553981
2120
2654191
2774151
206403
285570
1721091
85874
379064
83771
214888
1679497
235559
404011
431306
79209
272774
452627
2107999
88387
34085
169176
2766984
340146
1982292
84377
1630135
279058
29501
199441
2545632
46125
146786
95486
413497
102116
29543
292414
309868
243899
2527964
40989
1716543
2763022
481743
73141
885581
310575
1590
550
687
48
2599600
2172103
33050
2744479
317936
1329402
1570
89153
2017483
40545
164393
1071078
196180
180957
46234
1771
1927128
131568
1982268
2499213
45065
236753
2066
546367
47735
1711
702113
229155
1803846
2080742
863
216946
38301
104628
28035
162209
2558360
1839801
2575375
33991
716
2563897
1844971
2136182
49283
29391
119864
552
2507161
1334193
2590785
2768069
2319844
1778540
1357916
1806508
1610
1982259
1686310
29347
123841
640030
1836467
76123
1796613
2583377
1316412
507626
154
132920
2321403
354356
411153
502
1583098
285091
655015
1186051
1868794
1842534
393921
29466
366602
2562282
433296
728
281120
2742676
166486
2694929
2424
2675793
1404888
948107
1076124
1620421
1974213
577
1286
160453
106592
2507538
171695
1737490
152331
29518
1006
1842532
2052660
1486245
1629
1605
1392
1978566
2571750
2028343
2601646
1979344
29449
217
2201181
2055160
2599296
78331
86185
2107708
1911175
2692233
238
39485
2763317
28446
754476
301301
1385591
304378
2700081
1601
2662028
213
911092
33952
1160
60217
38310
1441386
2059264
155077
47466
260714
327160
1743174
1407
2719912
108980
33995
471
2583243
1215089
1383885
1504288
28901
1382466
373994
207949
2604421
2698686
28223
399742
712710
447471
1145276
1063
823
2662364
2797636
2495645
2681987
2479392
2761579
2789740
2497456
1795043
2773454
2589986
1197717
713030
44255
60552
1679721
1188228
224012
1542390
396595
1982260
1496
33010
2689569
1108
487
2099789
2099788
2779527
1336795
2651284
2729423
2750025
2054173
1565
35787
2728024
2795526
1982303
79883
2598453
2004650
33033
2068654
1254
673862
699041
126385
1982270
1100
246
1579
1325120
1982286
390884
1773
1882749
1307
184914
373
324767
1759399
2213200
1128071
1653476
2137
33059
315358
624315
2734116
80842
111844
1479019
2738883
2172098
2126346
174
1795355
1411902
2527979
413503
1393
1837283
2764326
2724192
155892
86664
147709
321983
93221
2479546
1547283
1390395
50719
437897
73044
2069432
1047172
69499
2683967
1940790
1932669
1481923
63186
549298
1094892
2172099
28321
59748
36854
1592129
1912
2143
1717717
1028752
585
1678728
313985
1986204
103731
216936
2728853
113562
1982306
29559
67581
1522
1085647
68895
47678
2059672
155978
33056
1945658
231049
1245
1796652
2580515
1288
74700
76594
2305508
97478
591197
375175
1714845
1111069
1851395
2049332
2777577
35703
1049583
35
86304
1503055
2764720
2745197
1028416
1305
83559
237258
329
50052
458033
178339
554406
718
2594004
40577
438
1813879
34018
1930557
96345
473531
2498704
444597
72361
668
1963023
1515
1633
1907578
2105
1591088
2675524
141451
1636603
544580
189381
1583
2675773
1912795
82633
629680
2601668
1788301
28031
194424
1848766
47763
86106
39689
1191459
1805933
1463165
29329
96344
91844
472181
2748319
218284
2676868
388640
1324352
198
279359
1166
207745
2599595
360911
93219
298657
1608473
213554
1244531
2732590
1624
1689
984
949
109472
1530123
196
1678129
1193095
2282475
2614638
2483404
1249
837
515256
254
1926494
1964448
2070463
881953
76936
640512
43771
1617448
214473
1433513
202956
1982279
2692125
116188
244734
528191
1714849
1500812
2781952
40269
2291597
159
1236179
2767188
150829
2740404
29510
165179
1176198
847
2694930
1302376
669041
573570
1729720
2249302
70799
1617967
650377
1421
2656760
1522758
2728022
28189
1705566
1404768
43770
37448
2755562
312277
480520
864828
2382161
328814
2153485
1545835
1431246
1712410
2575374
2163011
2527984
134537
2004647
497724
651561
1325115
1206
960
2086577
1866
1923493
396015
1982257
263
1774
60035
1972431
2067960
45361
446692
33060
90244
128944
52133
218936
189425
283811
60550
2777984
83558
1531
421525
43659
69218
400668
84032
1648404
1586287
1306274
1661694
1615909
54005
1814
1869241
2704463
246432
2033033
39483
2590016
570156
2683272
255507
1982285
2294034
28183
28454
546
2231053
1871034
1884907
1374
396
333962
1407071
97481
1464
415229
106654
1137095
38323
2489595
1042156
879274
1690805
1844999
691
46541
1572712
185007
46867
35701
1147129
2027860
298596
1659
1741
102684
2728023
52773
2714952
128574
2331
2005885
76758
2269374
2145
2005046
69966
562959
1761794
195498
80850
584609
2594265
181663
299262
1785128
2741301
28232
1178515
583357
1628248
2520506
2682091
2772483
1581557
1797
2734
1284658
456827
1318
484
39778
171284
1565991
85402
2021971
1985873
1848904
533
1428
2139
2234087
1016987
2587851
55206
60890
1159327
53409
93466
2654547
82135
258505
2052956
86170
2546359
1509
2545798
2202249
303
56812
2171755
290399
2506420
2675794
2588535
367190
119981
1071080
2675298
505249
665099
2615203
702745
1549855
241368
2781961
1596
2108365
76517
1705394
2546366
1659194
1769779
2711221
2653857
2594003
256
1118202
1718
540747
1941349
316068
2029986
2107707
1603
2086585
44742
1677857
76335
1636609
2591606
1982276
44251
2582913
2599641
1756150
718192
1982258
1827144
1471400
2552942
1940690
1458307
379684
216945
2762330
1082704
148447
2608253
1920883
1435069
129958
573
1278212
2674991
1117645
496056
44008
935222
2305987
2058136
380749
1218493
28188
205844
269673
2011012
1911586
359
203
1982280
666686
492
36813
156213
2099387
33011
31899
2579250
2614441
2590012
152794
648
2153354
171632
1190415
74661
2561898
2259595
488731
314282
1982252
2762331
2681986
683124
1325111
1691904
1654782
2587848
1712516
1743168
1536774
37929
1353976
48003
2610895
2702
68570
216427
1879050
930806
194197
2528022
915
266009
2283195
914153
2528026
1717
1932881
1795874
553239
51197
1218494
1448857
24
2162713
1564138
1549850
2093856
28199
150056
2118
216935
327575
302167
300876
746691
1147043
1500254
2093857
2203724
29485
157688
1334
32025
68909
2576903
76832
230089
1622118
870903
39777
400770
1408204
133539
1284
1538644
330734
873
2743001
1315211
2124
153493
413889
1241979
1881061
384
261292
626774
39950
1136941
2098
187101
1936081
2592334
2496837
66969
1262452
1763535
1805827
251542
308354
329854
1981510
2708338
1505597
47671
165694
1280
1936029
2675225
1740721
40988
1553431
459526
1796921
1855823
43657
2483401
138074
1241978
1613
2133959
81475
1917158
84135
1511761
104955
1564114
2057743
1041504
2724619
2716227
1006155
428712
499229
2759954
2296
150120
1758689
1881016
2711328
46355
179636
29555
362837
2316383
208013
2509675
1703
1909395
490759
2736252
114186
40318
1654781
309805
2596915
1109412
2545799
75985
79263
41
1238
639310
128780
2493671
1379909
1502
34090
312883
89059
1267021
2769490
2320140
2708079
261302
865
2742655
1318743
1176587
1178778
2116510
548
1982305
2486578
2527994
454
1516059
1828
2685869
152297
1133546
2501295
34061
216942
182141
51101
195
1868793
1930071
807
82348
1434191
1882747
88233
398743
1642
1982267
251535
465721
2487344
2136173
712357
1423
1791
870
53462
1641402
1563222
138072
1915309
1600
31909
1685774
42862
39775
2014076
43768
2109
1985342
2594883
2686362
28119
28448
484770
1141883
381751
1896175
417368
1670
92401
2014
1002672
1823759
191610
35790
84405
994696
685565
101571
2679994
85404
2714110
2682456
1244
33889
2703787
316277
2742129
1936021
1982291
1576550
2697010
33932
1806891
221352
106590
1476
1295609
84980
670
2692234
2074
259
1694
2760090
189426
2771361
2083284
28152
2774055
2749040
1982253
351679
120959
13689
184064
899
2048654
59814
1521
28229
33959
2072025
53408
1973486
2710756
60519
1982308
191579
1583100
122
81468
1111760
61435
623
654
1173032
233055
28187
1654740
2675054
2560010
2023057
2528203
1610872
1813871
132919
2711215
1747
1849015
149016
362787
1219491
2682541
2021
398053
1783501
1982271
1794699
83262
266779
388413
2498113
435897
2054919
478
1449
1364
2798861
2496265
342950
114527
1014
1314
2060307
351671
881260
421
2713414
39645
1484158
2047966
651740
29561
2735433
2080757
240427
2745198
1871022
1780362
2044467
208226
2770636
1581
29471
258224
2748320
388950
2507935
1138822
1907
1982283
2518177
499555
1758189
64160
2575923
936456
1054033
246273
1922440
2590020
1337936
134821
442694
2686361
2709380
539
1850254
2006115
267375
455432
165096
1699621
2743
1267766
323415
338565
241425
46127
569
2777983
29442
2496266
2004644
2597769
69666
1160721
35760
45634
178399
2364646
42817
2135430
2735317
480035
849
214856
1727164
1108595
2066049
2724901
2213194
666
147645
33888
412963
1719
1851148
146919
227866
78398
702115
147268
189834
1691
1664069
2058134
168695
198620
52765
2675783
72
51664
1519
2653200
288000
38289
433286
1307763
202
2708117
1294143
199596
1921086
446679
618
107401
379347
1442136
108981
142651
89184
1572645
1010
1904463
634113
1336794
2748
55208
84595
1343901
215691
1882831
1935204
1922217
265883
1774273
314281
28131
1445505
2079793
546160
1878942
2778911
300231
731
28173
267212
641107
61652
2518599
1462996
1982288
349221
1769
1177574
911045
762954
202747
1529068
1907575
519472
36746
118000
39694
44088
256618
1343
305
29494
2663121
39488
2511995
617123
948
1916
2660554
2597659
219745
168169
55213
394958
481146
1661
2061
37927
2026240
1977865
1505
208479
208223
1884263
2030797
2508687
199591
40542
2654249
2721760
994695
1823
194196
195248
1658672
1699622
1884634
2740405
1646498
2293317
1184
2045
485
225848
313598
552810
640330
1599
2675797
1052
56454
2653853
1853278
162
1789
1402861
1547487
32002
2130
2175864
1685010
59610
1307839
252514
247
28132
1510150
2108399
387093
143813
862126
403957
1727163
285
430522
1426
603050
76731
148814
755272
1972846
1792307
173
2751153
2110
34073
562
718217
1902245
1336796
2211106
331648
754
2259340
2183896
2572090
1771309
38012
34020
43948
466153
169480
561061
615
125
2597702
1582259
1896164
89152
2585771
2560336
152268
1501269
1235990
2203204
35755
2714939
2714938
754417
248026
2511069
1871111
2575361
2565555
2697565
69223
221027
1848517
863372
60893
1176255
1933275
2530390
2728835
1544730
1050638
1179672
1050635
714
29553
2774873
1340
2768066
44250
271097
33070
232259
797291
330922
2292255
2039166
167
81459
936476
166309
51173
2528027
2697019
656366
2560514
1842536
1397108
2478912
180230
1868589
132132
879567
2762320
57487
53344
1295
13690
1914461
875171
1305708
1510
1358
1416614
1235591
81028
133453
1609758
980251
729
454155
2654982
1982262
2169540
2382165
2686365
2320270
2048283
470934
708186
180
652716
2115978
2039
671211
446683
1355477
1619308
1434072
1211326
349751
1798225
1965282
163877
1048758
2033032
2601677
2774875
2499145
2506452
493
2714928
1619311
332055
109328
2759660
1571
229545
2294119
53336
1462615
33990
37372
158327
2291
2560650
1752063
1348114
53419
1638
675
1377
1390
458197
45617
394935
2746060
483937
556054
1387353
2725994
74426
643674
476157
2735906
292800
1938607
2133944
1488
1982273
158841
2044912
59505
1961713
108010
100716
53399
155085
722472
310769
71237
101564
995
1761891
2057800
985002
57037
669359
2203895
57372
556287
142877
1287640
375549
1080223
29419
1720343
46256
1619313
1618022
1415568
33968
2559597
1239307
39444
2585118
197222
2169400
2734128
1705
215580
1965231
2652443
33934
945
2562285
2282170
35757
298656
2742135
218144
2604941
1764
2479367
2695266
85085
65058
333965
2588534
2047
879
1977864
2217832
2675776
1715720
1614
1812935
1166950
2213202
32054
2598458
1178516
948519
1241982
2529386
2734570
51665
456327
84590
2136
2736649
67258
112234
139438
1408281
1628392
28038
938155
128785
139208
216963
256839
2599293
2487065
239935
336988
1225785
1812112
216142
1740163
1841249
938406
2126321
103855
45067
2233999
107637
1607
1740262
2071627
1813019
1404367
29484
52443
1790137
2303332
293387
84023
58180
2500532
1562974
1547445
320324
2759707
134534
1310
2650471
1514074
67780
1165
1945662
1050370
2134
1231000
392734
60478
1474
979
2528010
2721245
916
134536
1250539
2070337
61635
1725
94254
1479
1351
2059875
78259
1564
67082
1850526
1714848
483913
303541
2706887
1366
2686078
48296
1208324
160699
138563
169765
1427364
2742204
39956
2036206
2267253
110321
82367
1617283
2576307
1906272
61624
54913
1333996
638
2212991
70255
28082
2426
454601
2734083
2729175
1118379
1580596
176292
622488
164546
1308
78587
2660750
170679
754423
2060726
2111
1550579
29556
1542
28184
2018067
573658
73010
649831
35841
119858
1852
171279
2268024
2079535
39768
1636152
1674146
2083176
1340425
227
2722751
1870984
2708020
2570561
1834196
216932
83561
546874
113107
2507162
860235
1341
1484693
29380
2043170
434008
1653831
293089
11089
1008
190893
198119
232348
1852374
1061
75588
2048897
86665
913107
1491
255247
2684405
2594005
545
1513235
762
49338
271
82985
158877
2547970
2587846
455364
1545728
2763010
1815583
266748
2138
1979527
129985
1236046
1768874
483
1096243
2589818
2507160
1917485
28151
106578
352858
2754725
1982368
106634
1316593
28129
102134
83683
104
658629
2018025
657445
137591
1164
155322
2249356
380
1499973
2094025
2023772
884684
1852377
1275
119394
228602
445576
663
29341
940
1788
83557
2259647
47877
171281
1303
1112
511062
2707005
851
2715164
82977
1338
46680
2560849
75105
1329899
200450
190895
131112
1663591
1973475
47951
2292766
679318
33037
1250205
1812115
2706014
1241981
160799
1758730
2599640
195250
1402135
571800
2610896
389348
631
1933904
2721621
108150
1561
1313
1821621
1076
43305
56947
1982282
376805
1884914
2605989
2116
326320
2576904
1055487
2293
302406
2731756
2662262
2742624
37734
2528009
1816218
1652495
234827
199
1134405
339862
1336
1642647
242600
2493676
1176536
1980674
2057025
714067
2609667
1323375
1888195
1833852
2358479
1255
1526571
1789224
1833
68179
638619
1763536
859
2360
293
1784713
2691571
2590022
136094
216933
1444684
280473
359408
2666132
167642
1750
502558
39765
821
1288970
1007105
2715735
1847728
2066070
42253
1631871
1670830
1679444
2596912
750
361101
153948
254246
2560332
60961
1263979
2709304
2740515
1913578
84110
383750
1853276
336486
1920107
2169966
2562451
1503054
754515
105841
2505979
1548547
58138
2419841
65959
95641
1749259
1247
1404
33072
1539298
84030
2576902
2419842
1197952
273677
1778
320787
1136497
265668
1196095
357276
2058135
1850250
210
1481663
40214
401471
414778
2781774
1286181
1508420
53442
1670831
1545702
144
1096
2496867
1411621
1632864
1930546
53444
850
36874
1424294
1660074
28037
636
2792978
156978
2057791
51663
998844
2490858
584
134
1102
2003121
357808
1534
28141
1355015
2108445
294699
488546
2583989
288965
1458860
991904
248903
120107
265606
1382
1697053
225084
436114
1824
587753
288
51229
853
52584
2579791
2545455
754517
2382163
511
496057
2107713
2733997
28068
1461582
83191
337090
48935
111831
2049305
2527971
138853
401619
1529069
69539
253
1316596
1178482
100225
142
52022
252966
2749086
33903
291112
519450
477976
1252
1348
1580
365349
287094
28885
427923
1920667
1391654
1173273
1297742
114
2695882
1416806
1249552
2579971
1795631
1173263
233181
2709403
1855875
151276
463025
2686366
43357
2675216
407035
267818
238836
2041044
529
2686077
651457
876
2576376
67854
317577
1855912
1526927
1639348
216964
818
930802
109790
192
1005039
715451
2748316
1936003
861
1704499
28262
294
2488665
2560053
561879
2377
2602769
1680
1581680
289435
353852
434014
395961
1184387
536441
1458461
167964
1727196
1835721
1355374
266749
471223
1826607
1296540
150026
576611
2590551
62322
513050
223967
155194
2282738
649756
29394
414771
2724150
33964
157268
33996
1467
187452
1336802
83526
61645
2509341
191026
2490633
316
217204
1810
371142
1884916
1632019
2715163
2482728
516051
317658
2714940
161896
2518176
2027252
2719119
1406
256326
225999
1906744
1712675
2604047
2792224
1809410
1218801
10366
271098
2675523
1398
1261657
2718
1405
59843
1960
1982274
2697563
60480
1306519
364317
2479547
320912
758802
208596
2520507
495
19
1050624
1416627
356837
1725411
2692134
423351
1474867
53345
1925548
1890
200991
247480
2371
632773
1493
535712
1563
161154
426117
85698
2211140
285450
2704043
33002
451
1870820
1699624
1807691
1411117
582
1743162
142649
2569540
2569541
1115758
2590015
2584466
182773
45363
332101
358220
313590
2496866
831
197
1281
46126
2083786
1550024
374606
1660080
187145
692036
151081
217203
29571
45243
121719
1917232
125593
107327
2527775
1592115
2107709
1520
2148
261654
2267264
1646
1148157
2594473
1654780
1671680
1349
2490851
172
803
2502781
2201271
894
397865
47858
83552
2319843
2082387
29385
34003
2109915
35814
2488819
264636
2527968
2500547
119219
2675781
60548
1954171
54308
93220
182710
445710
2483110
241244
220622
2591634
1622
2507159
2173034
28197
2510943
69395
295596
2686359
1971364
1654388
856
708126
2015076
2072414
2572923
69
2754044
2733998
1742359
1170699
111781
2495582
192843
472569
1345
2724
417574
632112
33923
1587
1709477
480
1478
1954172
1982269
33035
2021862
143223
2602015
35795
1897729
2364787
1852022
1452
252307
343
1811807
2564099
1798193
2747309
202954
881
1642646
453783
1915078
198252
126738
67825
2184519
220927
111504
446
944
7
2697033
261964
326544
164514
2666025
2020412
2527973
650378
195105
2726117
1920114
2546360
1884915
83637
375929
515393
400065
324079
83556
2714948
158850
29546
1825069
184912
1643
135569
382
1215031
1402
46354
301
907
169402
44674
1675686
1346
1293412
1604
2304606
2161677
512649
40567
51049
2325
1124597
1612173
1982261
53412
1507512
40215
59405
2730915
530584
2710758
1033854
2498848
2703788
136857
334542
417367
1938605
2565926
215578
1871021
106649
2605424
2173853
1749
971
450
2220095
197614
1620215
1639108
2596949
1809
1458355
2603215
2650157
2756
2758573
1196083
983548
2708340
652
1172565
1229621
246787
1927
1499308
169430
1898
754409
95301
2587844
172713
1541959
78448
712623
300028
883811
2712222
2741720
1940612
1482
140
817
395922
561184
55583
573600
1239415
675281
2071621
1538553
1354
1482074
45972
1486991
2699395
2675711
258
1470434
2202825
2341117
61646
322019
204042
28108
1778678
35786
912
2589987
2015795
1982254
1381081
1630141
2005456
38986
29519
334543
2005458
14
2736602
36822
1796620
291048
67296
43767
57320
1940610
1472767
34021
52774
142650
29378
1486034
285729
2583375
1443036
2605747
716816
1766
2589990
2578106
2027919
180282
2083053
29497
2787628
2170729
272131
2175091
1727
1536772
1983551
1420917
2563896
2144175
1193713
1761453
1499687
1007676
51515
2497860
2306583
2057808
54571
160808
661191
2607663
2714855
2487928
94625
1678078
1050655
359370
336810
39688
37692
315405
1307761
110505
1473112
1511
1871025
2170745
216816
2762729
412593
1536769
1532552
38302
747548
1294
43675
1670641
85336
633
1884905
193
139021
2478663
2202141
1295642
2714927
2714926
44574
1396
34
119484
2598861
299767
653931
33945
996801
101385
1330330
2728021
139
2015316
313588
673372
1720344
187327
1982284
166935
1292
1395624
712528
2161747
2051906
2123
1851167
66269
649196
1883414
2490853
326522
304895
672
1267423
1714860
2492837
2675053
2593672
1625
2518971
2126553
2026191
1131703
28903
1147
172045
160386
1751286
317
2714930
2714929
1704044
217159
29384
1612
554
1695218
1380685
2663022
222819
1388755
1315974
2704465
996
1442032
304207
2005462
2527983
400092
288004
2675774
743009
2057246
2769067
1038856
1336804
2718938
396359
861299
409322
2743000
663364
2184575
1967
2684406
2709394
1702325
1537215
2715212
2760713
1280380
420953
146923
28450
2086584
1982272
158823
913109
2184053
2663859
1287055
53558
977801
1825976
1581011
2725558
2293862
2675219
152260
1936080
2714924
1808001
575200
588
1400864
1536771
2662362
2779518
1329
1471
28072
228899
675864
1585976
84163
710111
2711329
356322
1765219
342409
51365
1118153
582702
181487
2029983
1442558
2675789
645
2026189
2419773
788
79885
1500800
135487
1923598
2600320
2201350
37928
43674
2594269
1493872
61015
2796470
55205
202462
947919
37330
556325
10454
1968541
2528007
292566
2583851
1120045
2364271
101534
2773299
1457365
1297617
1509244
205910
166501
2136172
2064643
1536648
1850252
2697030
296591
52771
867076
28080
169679
2528019
80866
1903704
1909699
160825
1882918
2100422
1588
2652177
40576
450367
1031538
174633
93378
1178537
1471761
273376
1884904
1484116
2801335
291990
380021
2494375
2570229
2675218
391290
1748
1379
1176482
43990
155866
880
573569
2006
2049881
1092
28200
392593
2115
253239
2733487
2058137
66821
1422
2509459
1054034
1397
564064
633807
2149
1536770
1814128
1197
208216
2058175
994692
264686
76629
2763071
54299
1807358
2714036
2698684
452
212765
2572577
86660
279113
48664
1222016
2587855
2692425
1938604
2121
1932
111501
83455
1501
1581038
319236
83555
76853
1935
1528099
1161942
324057
2714949
107709
580165
2656761
161895
1032243
680
921
2499144
2777985
1982265
2020486
1302411
1032072
1982266
161899
1982287
29382
1221500
2496865
183417
1131462
28095
358
2070369
34062
826
483547
860
366522
1852373
1514105
2097
1349409
28025
166314
1564506
2603206
2547394
2502779
1326
1335613
1710
2650158
227945
652787
110539
2113
55508
29562
2527996
187493
328813
1450761
1032623
2038776
313603
2528037
2026199
1094
492670
454662
65553
542
28087
2562449
1168034
47490
81462
649841
1316408
1006576
779
194963
61647
1902136
1616788
2493668
1982298
1050
363852
2259623
2681547
1336806
1070130
90736
2509614
1905730
2735870
756892
2033869
2498451
62099
1126
1811193
674
1338368
1573720
423605
1618207
171285
118562
40834
88058
413066
2045208
943830
161879
2602067
2583532
97195
42858
2735868
1784714
2527972
456
1547
2576891
1862358
2592382
2505970
1458426
1612150
2500533
467094
1923487
1408
45497
1763363
2025360
2493678
696485
351091
1750719
204
120683
49118
2743772
1526658
169760
727
182337
374981
942016
1424653
2487064
52
1744
28898
2785785
260552
2529032
538220
47715
44577
565
231455
419475
1852628
463
1173027
2163644
671223
1312183
1277350
489
1652545
2583823
2423
1765967
2675787
1880590
2112
1190813
157687
2601122
117157
526944
392416
2704462
39692
2527989
1072256
72360
84531
571
1574141
2697562
437505
1982307
874454
1639133
2661583
1890302
29388
1498
661488
120962
290335
319707
649161
312285
1756988
150286
33940
36745
468911
1517
2683193
453230
324078
45668
29430
2057798
49319
114881
1632865
82688
280236
216944
56957
216931
594679
1724
2517362
1777866
754429
370038
522485
984991
109266
1561924
858422
2663009
2742136
1650
253703
172042
158836
33025
33040
442
93973
75612
343874
76258
556
1261031
361111
377615
2614693
2025492
1484118
1150991
2005703
29447
394751
1967665
1932927
1500960
1656
1963025
2719023
549
2675779
1413221
29322
2509458
370622
2161872
216937
37332
2587843
2493677
1804
381
1231049
206
1884913
1216932
689
2479767
930
146474
2725288
37931
2518645
2742145
1335048
36809
1892855
37482
2358
1697
2589076
2714937
68210
2560057
930166
28135
516075
85701
1867719
1721
632569
28110
99598
2603277
1223514
247523
732
1623
1408191
311182
1704307
628
1353
1792
2488639
889453
1855519
1538
74109
512763
2593655
257438
32052
2283194
1548
412965
986
871584
67827
553510
29570
151895
913
2714946
2714947
564
82654
614
650
67824
2483033
1027273
1982042
2599308
2007306
28028
2282310
53946
43662
588932
9
42838
123824
571913
59600
248315
1566358
1736
1598
2095
263819
1763883
53358
317858
2696063
1197460
28091
2675796
251749
33936
703
293371
263437
57029
682956
2128
1850246
785
897
2686360
441500
1472345
1556
859143
370405
558152
1404864
104268
96942
2136401
273384
1306787
68173
1662285
55779
450734
70863
374162
748247
2710596
351604
2211212
2100
1017
1379910
1697043
2488810
29379
1249101
29486
57706
712122
40324
754516
2589797
1912064
1497
1867846
553151
1987723
53461
2005262
232721
332999
777
2283160
87541
2528642
187491
676
1647413
1441095
712368
630
29483
1838286
2494374
35554
33034
571177
2478552
1264596
1031542
136073
2703885
218208
1757
712633
29314
1609966
589436
83656
169292
2005460
76860
1621989
1579979
1785996
202950
62088
225194
222136
1867715
1335
1465
28118
888845
656519
104623
1283
279826
1918945
2748863
356852
2583452
482564
2509456
227605
482957
1903186
1982256
1746199
192073
2758037
1618
94
1304
2560058
2726118
200451
65555
2055892
223919
592316
292
1131707
56956
29552
1288494
1363
1660
449
955
1642299
2732592
40522
249188
1230998
2717324
97084
1969821
1311
386490
905
2675777
1571470
2778370
80816
35818
331696
1203471
1982301
2320868
477680
33943
133926
2789216
1716143
45663
252970
1855336
1265445
106648
693075
1534348
2681984
1453352
2485784
343403
699370
2590900
1486262
743722
2724191
1219
1903694
38304
28090
2713573
1158459
1888915
1702238
1536773
1296
576610
359303
33028
553
168471
2037915
2779528
2026186
1410383
1891644
2675772
1829
2599297
1982297
1349410
161398
2494373
2666127
2421
321327
1891926
1845000
2779445
2527976
449520
863643
486398
371601
10276
113267
274537
47917
280
2099
2734044
2733973
1214604
596095
309806
2182384
1982626
1234841
29405
83627
2686363
2220073
454171
1508404
36845
170573
1758178
2739061
1302
28084
1603606
2096
2735134
111874
188932
676208
63745
461876
1264
1470176
65093
1912871
2588536
147802
51161
1141221
2650877
1912897
59930
587
39766
185300
1390185
2598579
450378
43658
203263
353
1906741
2315862
2605945
29581
1325102
2163016
2268451
29370
1917441
1747271
1134687
28112
2547600
2708301
37326
643214
28116
1648923
2742195
1492737
1144748
1640
1982300
1962501
2714923
1494608
86332
538381
877500
2486272
1432792
2527978
264697
797277
2654325
252967
2358187
639313
93930
644
1349819
451876
1982277
2086471
83564
1641
1755811
2567941
1217908
1914861
2738844
2079234
192421
2740462
1525
215591
673
364197
1794
29311
1639
1705310
1322
84378
28172
287
29423
1842539
2487063
1501268
80867
1597
1162633
730
2099786
300825
37919
616991
488
1637831
114885
142058
2736
2762322
443143
1816219
551989
244787
33970
2762325
2772401
357794
105219
336820
44001
2320858
297
964
1496080
1328
2725666
375
1850374
2267833
1282
341045
589873
1935379
2601575
33989
1805431
146827
1648
1877
59893
2587849
2572594
197162
1863
55197
571915
58049
2726954
1192162
1620392
2779776
2785908
1445858
1842727
197482
1982264
191493
34038
290400
28123
1582
1784
375489
90245
770
2492396
283734
1309
431057
1074467
157691
2571030
395631
1432056
2592653
1325090
64104
2666100
2651974
1490
357441
1492
577489
713887
959
784
2058624
2794344
208962
1155739
1930532
346
158847
40216
2094
1917421
402384
1981174
748280
1564681
754477
92400
1589
1796606
154046
84022
2608247
2527974
1494
738